0_5 0.4955359995365143 0.49917298555374146 0.13657400012016296 0.12797600030899048
0_5 0.6301259994506836 0.33101898431777954 0.06183899939060211 0.07142899930477142
0_5 0.8252310156822205 0.6388890147209167 0.08961600065231323 0.1130950003862381
0_5 0.6683200001716614 0.7475199699401855 0.048941999673843384 0.06183899939060211
0_4 0.7286710143089294 0.4279099702835083 0.35945799946784973 0.4365079998970032
0_4 0.8897160291671753 0.0676259994506836 0.22056899964809418 0.11607100069522858
0_4 0.8688820004463196 0.892691969871521 0.26223498582839966 0.04265899956226349
0_4 0.13872399926185608 0.7880290150642395 0.1868389993906021 0.10449700057506561
0_4 0.4918980002403259 0.8420969843864441 0.2999339997768402 0.3039020001888275
0_4 0.5034719705581665 0.9894180297851562 0.04794999957084656 0.020502999424934387
