0_5 0.5044640302658081 0.5008270144462585 0.13657400012016296 0.12797600030899048
0_5 0.3698740005493164 0.6689810156822205 0.06183899939060211 0.07142899930477142
0_5 0.17476898431777954 0.36111098527908325 0.08961600065231323 0.1130950003862381
0_5 0.3316799998283386 0.25248000025749207 0.048941999673843384 0.06183899939060211
0_4 0.27132898569107056 0.5720900297164917 0.35945799946784973 0.4365079998970032
0_4 0.11028397083282471 0.9323740005493164 0.22056899964809418 0.11607100069522858
0_4 0.13111799955368042 0.10730800032615662 0.26223498582839966 0.04265899956226349
0_4 0.8612760305404663 0.2119709998369217 0.1868389993906021 0.10449700057506561
0_4 0.5081019997596741 0.15790300071239471 0.2999339997768402 0.3039020001888275
0_4 0.4965280294418335 0.010582000017166138 0.04794999957084656 0.020502999424934387
