0_5 0.4955359995365143 0.5008270144462585 0.13657400012016296 0.12797603011131287
0_5 0.6301259994506836 0.6689810156822205 0.0618390291929245 0.07142901420593262
0_5 0.8252310156822205 0.36111098527908325 0.0896160826086998 0.1130949929356575
0_5 0.6683200001716614 0.25248000025749207 0.04894204065203667 0.061838988214731216
0_4 0.7286710143089294 0.5720900297164917 0.35945799946784973 0.43650805950164795
0_4 0.8897157907485962 0.9323740005493164 0.2205684632062912 0.1160709410905838
0_4 0.8688820600509644 0.10730800032615662 0.26223495602607727 0.04265899211168289
0_4 0.13872399926185608 0.2119709998369217 0.1868390142917633 0.10449699312448502
0_4 0.4918980002403259 0.1579030156135559 0.2999340295791626 0.3039020001888275
0_4 0.5034719705581665 0.010582000017166138 0.04794997721910477 0.020502999424934387
