0_5 0.4955359995365143 0.5008270144462585 0.13657400012016296 0.12797600030899048
0_5 0.6301259994506836 0.6689810156822205 0.06183899939060211 0.07142899930477142
0_5 0.8252310156822205 0.36111098527908325 0.08961600065231323 0.1130950003862381
0_5 0.6683200001716614 0.25248000025749207 0.048941999673843384 0.06183899939060211
0_4 0.7286710143089294 0.5720900297164917 0.35945799946784973 0.4365079998970032
0_4 0.8897160291671753 0.9323740005493164 0.22056899964809418 0.11607100069522858
0_4 0.8688820004463196 0.10730800032615662 0.26223498582839966 0.04265899956226349
0_4 0.13872399926185608 0.2119709998369217 0.1868389993906021 0.10449700057506561
0_4 0.4918980002403259 0.15790300071239471 0.2999339997768402 0.3039020001888275
0_4 0.5034719705581665 0.010582000017166138 0.04794999957084656 0.020502999424934387
